b69 g40 100 86 19 16 256 103 2 1
b76 g29 45 49 76 74 987 113 2 3
b14 g26 53 71 36 78 980 113 3 3
b15 g2 98 30 58 80 591 124 1 3
b13 g23 70 5 80 46 296 148 3 3
b45 g3 25 69 89 64 978 158 3 1
b40 g48 94 34 46 12 338 189 3 2
b73 g9 91 15 66 96 431 201 2 1
b11 g42 24 67 8 59 976 208 3 1
b65 g46 3 56 40 66 973 229 3 2
b89 g44 28 10 74 76 792 251 2 1
b16 g50 88 32 54 45 420 295 1 1
b85 g45 69 29 6 93 867 299 3 1
b8 g10 35 43 94 49 940 321 1 1
b53 g13 69 30 9 47 657 328 3 2
b64 g38 98 42 57 10 450 342 2 1
b43 g28 18 35 55 71 950 345 1 2
b6 g35 95 52 37 20 914 357 3 2
b71 g36 59 76 89 75 478 395 2 3
b3 g1 69 46 55 47 848 404 2 2
b30 g6 84 60 28 20 930 417 3 1
b61 g31 14 52 63 94 946 465 3 1
b67 g37 16 84 89 34 741 466 2 1
b63 g47 78 75 13 85 893 482 1 3
b49 g49 47 64 83 53 580 492 3 3
b88 g14 56 8 68 74 910 524 1 1
b81 g33 15 15 76 21 757 539 1 1
b9 g25 89 90 85 42 730 573 2 3
b86 g11 44 56 46 71 637 628 3 2
b80 g24 62 79 46 28 765 638 3 1
b95 g4 1 3 83 21 374 648 2 1
b33 g18 43 86 56 79 964 668 2 2
b12 g30 95 96 26 53 922 682 1 3
b18 g22 19 26 50 49 876 738 1 3
b92 g41 36 25 21 3 774 750 2 3
b56 g20 32 98 19 72 972 790 3 2
